CreateObject(1412,2125.8000000,-1904.5000000,13.8000000,0.0000000,0.0000000,0.0000000); //object(dyn_mesh_2) (1)
CreateObject(1412,2120.6001000,-1904.5000000,13.8000000,0.0000000,0.0000000,0.0000000); //object(dyn_mesh_2) (2)
CreateObject(1412,2115.3999000,-1904.5000000,13.8000000,0.0000000,0.0000000,0.0000000); //object(dyn_mesh_2) (3)
CreateObject(1412,2110.2000000,-1904.5000000,13.8000000,0.0000000,0.0000000,0.0000000); //object(dyn_mesh_2) (4)
CreateObject(1412,2107.6001000,-1907.1000000,13.8000000,0.0000000,0.0000000,90.0000000); //object(dyn_mesh_2) (6)
CreateObject(1412,2107.6001000,-1912.3000000,13.8000000,0.0000000,0.0000000,90.0000000); //object(dyn_mesh_2) (7)
CreateObject(1412,2107.6001000,-1917.5000000,13.8000000,0.0000000,0.0000000,90.0000000); //object(dyn_mesh_2) (8)
CreateObject(1412,2107.6001000,-1922.7000000,13.8000000,0.0000000,0.0000000,90.0000000); //object(dyn_mesh_2) (9)
CreateObject(1412,2108.3999000,-1927.8000000,13.8000000,0.0000000,0.0000000,108.0000000); //object(dyn_mesh_2) (10)
CreateObject(1412,2111.2000000,-1932.0000000,13.8000000,0.0000000,0.0000000,139.9960000); //object(dyn_mesh_2) (11)
CreateObject(1412,2128.3999000,-1907.1000000,13.8000000,0.0000000,0.0000000,270.0000000); //object(dyn_mesh_2) (13)
CreateObject(1412,2128.3999000,-1912.3000000,13.8000000,0.0000000,0.0000000,270.0000000); //object(dyn_mesh_2) (14)
CreateObject(1412,2128.3999000,-1917.5000000,13.8000000,0.0000000,0.0000000,270.0000000); //object(dyn_mesh_2) (15)
CreateObject(1412,2128.3999000,-1922.7000000,13.8000000,0.0000000,0.0000000,270.0000000); //object(dyn_mesh_2) (16)
CreateObject(1412,2127.6001000,-1927.8000000,13.8000000,0.0000000,0.0000000,252.0000000); //object(dyn_mesh_2) (17)
CreateObject(1412,2124.8000000,-1932.0000000,13.8000000,0.0000000,0.0000000,219.9990000); //object(dyn_mesh_2) (18)
CreateObject(3170,2109.8999000,-1919.7000000,12.5000000,0.0000000,0.0000000,0.0000000); //object(trailer_large3_01) (1)
CreateObject(3170,2126.1001000,-1919.2000000,12.5000000,0.0000000,0.0000000,180.0000000); //object(trailer_large3_01) (2)
CreateObject(3173,2118.2000000,-1907.1000000,12.5000000,0.0000000,0.0000000,270.0000000); //object(trailer_large4_01) (2)
CreateObject(672,2126.8000000,-1907.1000000,12.5000000,0.0000000,0.0000000,0.0000000); //object(sm_veg_tree5) (1)
CreateObject(672,2110.3000000,-1907.2000000,12.5000000,0.0000000,0.0000000,0.0000000); //object(sm_veg_tree5) (2)
CreateObject(1712,2114.5000000,-1909.3000000,12.5000000,0.0000000,0.0000000,0.0000000); //object(kb_couch05) (1)
CreateObject(1372,2110.8000000,-1925.8000000,12.6000000,0.0000000,0.0000000,0.0000000); //object(cj_dump2_low) (1)
CreateObject(1369,2123.8000500,-1918.0000000,13.6000000,0.0000000,0.0000000,270.0000000); //object(cj_wheelchair1) (1)
CreateObject(1449,2124.2000000,-1924.0000000,13.1000000,0.0000000,0.0000000,270.0000000); //object(dyn_crate_2) (1)
CreateObject(1440,2126.0000000,-1925.8000000,13.1000000,0.0000000,0.0000000,0.0000000); //object(dyn_box_pile_3) (1)
CreateObject(1327,2109.3999000,-1925.4000000,12.9000000,0.0000000,18.0000000,88.0000000); //object(junk_tyre) (1)
CreateObject(1327,2108.5000000,-1925.9000000,12.4000000,0.9680000,86.1140000,70.0280000); //object(junk_tyre) (2)
CreateObject(1328,2112.0000000,-1923.0000000,13.1000000,0.0000000,0.0000000,0.0000000); //object(binnt10_la) (1)
CreateObject(1265,2112.0000000,-1923.7000000,13.0000000,0.0000000,0.0000000,70.0000000); //object(blackbag2) (1)
CreateObject(1264,2112.7000000,-1923.1000000,13.0000000,0.0000000,0.0000000,0.0000000); //object(blackbag1) (1)
CreateObject(1227,2124.0000000,-1915.1000000,13.1000000,0.0000000,0.0000000,270.0000000); //object(dump1) (1)
CreateObject(1224,2126.6001000,-1913.0000000,13.2000000,0.0000000,0.0000000,0.0000000); //object(woodenbox) (2)
CreateObject(1221,2125.5000000,-1913.0000000,13.0000000,0.0000000,0.0000000,90.0000000); //object(cardboardbox4) (1)
CreateObject(1428,2112.0000000,-1914.2000000,14.1000000,0.0000000,0.0000000,88.0000000); //object(dyn_ladder) (1)
CreateObject(946,2109.8999000,-1912.6000000,14.2000000,0.0000000,0.0000000,0.0000000); //object(bskball_lax) (1)
CreateObject(1946,2109.8999000,-1910.7000000,12.7000000,0.0000000,0.0000000,0.0000000); //object(baskt_ball_hi) (1)
CreateObject(1432,2120.6001000,-1918.2000000,12.5000000,0.0000000,0.0000000,350.0000000); //object(dyn_table_2) (1)
CreateObject(1432,2115.6001000,-1920.7000000,12.5000000,0.0000000,0.0000000,354.0000000); //object(dyn_table_2) (2)
CreateObject(2096,2112.3000000,-1921.3000000,12.9000000,0.0000000,0.0000000,92.0000000); //object(cj_rockingchair) (1)
CreateObject(841,2127.1001000,-1908.7000000,12.6000000,0.0000000,0.0000000,0.0000000); //object(dead_tree_13) (1)
CreateObject(841,2111.5000000,-1907.4000000,12.6000000,0.0000000,0.0000000,52.0000000); //object(dead_tree_13) (2)
CreateObject(829,2109.3000000,-1907.6000000,12.9000000,0.0000000,0.0000000,338.0000000); //object(dead_tree_3) (2)
CreateObject(830,2125.0000000,-1906.6000000,12.3000000,354.0000000,0.0000000,84.0000000); //object(dead_tree_2) (2)
CreateObject(2837,2115.8000000,-1921.0000000,13.1000000,0.0000000,0.0000000,26.0000000); //object(gb_takeaway02) (1)
CreateObject(2823,2115.3999000,-1920.6000000,13.1000000,0.0000000,0.0000000,354.0000000); //object(gb_kitchtakeway01) (1)
CreateObject(2838,2120.6001000,-1918.3000000,13.1000000,0.0000000,0.0000000,0.0000000); //object(gb_takeaway03) (1)
CreateObject(924,2124.7000000,-1913.0000000,12.7000000,0.0000000,0.0000000,266.0000000); //object(fruitcrate3) (1)
CreateObject(852,2123.0000000,-1909.7000000,12.4000000,2.0000000,0.0000000,0.0000000); //object(cj_urb_rub_4) (1)
CreateObject(1442,2123.1001000,-1929.2000000,13.2000000,0.0000000,0.0000000,0.0000000); //object(dyn_firebin0) (2)
CreateObject(1711,2124.3999000,-1927.5000000,12.6000000,0.0000000,0.0000000,316.0000000); //object(kb_chair01) (2)
CreateObject(1711,2124.6001000,-1930.5000000,12.6000000,0.0000000,0.0000000,221.9950000); //object(kb_chair01) (3)
CreateObject(3461,2123.1001000,-1929.2000000,11.8000000,0.0000000,0.0000000,0.0000000); //object(tikitorch01_lvs) (1)
CreateObject(12957,2112.1001000,-1930.2000000,13.1000000,0.0000000,0.0000000,46.0000000); //object(sw_pickupwreck01) (1)
CreateObject(3005,2111.1001000,-1929.2000000,13.0000000,0.0000000,0.0000000,48.0000000); //object(smash_box_stay) (1)
